550
355
486
53
393
439
322
267
739
230
644
168
476
172
951
296
186
990
334
185
420
675
280
376
496
482
547
293
976
615
813
690
1
946
15
559
118
889
168
85
669
585
480
123
564
370
123
151
868
793
934
398
821
337
889
542
595
99
549
322
296
345
639
755
443
542
845
47
923
92
99
117
272
29
614
319
357
986
170
93
629
777
532
344
29
519
632
923
631
745
738
635
536
897
751
379
346
574
787
757
897
436
381
83
346
592
50
886
83
394
231
228
815
283
52
617
785
851
523
856
978
677
188
73
322
335
207
928
598
851
714
553
359
669
757
400
996
263
895
517
648
19
9
757
760
657
860
868
189
800
654
290
544
221
816
865
518
760
541
125
225
429
431
773
633
347
946
704
624
769
178
996
129
257
565
477
154
732
871
152
131
982
422
303
877
716
207
321
892
749
625
405
736
356
265
414
91
632
270
197
882
568
500
71
199
645
735
424
596
850
215
975
929
214
422
322
575
582
374
470
820
803
518
455
213
969
80
870
631
817
900
349
159
468
937
530
807
487
729
890
642
499
289
204
912
95
239
488
207
547
846
634
1000
891
334
943
417
48
740
279
219
426
715
911
62
901
673
258
466
633
906
853
230
163
136
55
705
567
748
88
974
903
17
950
810
332
63
772
645
999
41
196
393
302
901
450
346
205
262
787
240
519
836
56
282
499
867
324
375
183
696
880
78
90
971
641
575
804
8
413
173
887
990
259
413
240
797
227
778
255
943
889
343
915
603
223
570
568
420
554
489
700
873
795
981
961
903
855
725
328
106
514
148
270
845
167
920
622
290
658
381
692
752
608
869
813
154
209
78
459
409
384
901
140
435
669
248
855
370
179
579
909
855
126
930
806
147
323
730
470
254
644
434
992
543
97
549
291
996
305
710
78
958
699
613
517
304
195
466
157
709
478
291
806
271
307
335
220
593
189
435
602
775
697
261
354
368
176
934
499
867
825
493
367
508
393
595
21
994
475
195
148
17
405
228
689
832
692
512
819
373
285
309
343
66
183
910
613
823
637
399
757
896
381
474
26
934
243
457
89
30
845
525
521
21
64
877
410
222
455
45
817
298
356
568
138
745
360
258
877
186
147
897
867
567
125
237
17
798
865
424
329
74
218
284
216
799
474
455
473
834
447
724
998
324
765
802
518
330
641
66
204
145
697
276
521
855
178
487
11
539
56
260
972
483
95
118
443
275
447
762
816
561
602
899
538
341
598
525
944
837
301
428
553
52
345
1000
901
106
913
965
706
126
372
820
495
783
545
571
398
488
939
888
972
837
680
38
860
89
978
514
430
279
729
917
934
1000
119
514
354
908
699
657
534
686
353
696
466
174
374
303
855
392
122
496
578
708
893
700
363
555
612
643
402
766
275
106
966
247
926
991
810
958
350
256
131
741
574
188
491
747
60
144
114
499
500
196
949
87
23
397
620
3
597
696
424
103
897
182
594
708
158
692
441
423
943
246
79
73
286
106
1000
959
286
43
753
926
306
766
356
648
910
667
332
566
429
777
792
781
461
936
625
597
467
484
491
389
709
177
158
42
930
454
776
815
659
271
367
364
541
473
611
591
376
466
536
907
593
36
429
407
791
12
243
348
358
268
400
996
930
882
312
432
938
400
977
347
298
870
124
113
849
410
957
668
739
504
488
409
994
746
79
96
613
141
399
376
850
14
280
977
291
136
492
774
896
809
485
926
953
903
146
523
907
394
425
308
233
708
72
801
924
562
361
730
279
852
60
984
323
399
783
924
868
718
927
455
396
806
114
482
764
14
158
315
320
862
986
45
805
727
91
174
255
91
283
417
780
673
276
96
484
246
850
935
597
137
601
681
956
112
456
401
870
5
525
406
231
391
133
666
242
673
384
260
996
92
462
763
771
347
630
418
269
337
187
590
639
973
825
132
784
756
331
736
820
29
664
241
860
999
52
886
515
364
874
418
399
173
809
531
645
768
335
297
956
873
882
552
839
418
626
693
882
851
635
457
759
612
783
474
202
194
369
265
596
199
810
143
725
319
299
230
939
520
32
83
768
404
364
491
500
560
290
314
733
756
901
316
497
171
59
569
7
330
965
954
163
547
432
905
167
601
914
267
86
846
961
691
815
597
99
668
838
865
962
506
693
920
776
804
389
761
936
322
104
343
127
859
739
604
913
468
923
401
968
555
453
737
950
446
842
415
99
356
336
384
727
545
52
970
103
126
559
635
312
384
405
935
233
693
481
831
112
742
342
471
151
37
544
8
163
64
139
752
574
361
888
733
487
849
850
970
339
29
29
859
260
990
737
839
771
543
193
300
257
856
744
102
271
366
107
987
240
971
22
994
923
856
518
525
504
151
575
291
890
268
961
701
554
664
392
595
744
571
109
416
84
947
901
242
394
274
2
828
923
452
351
320
810
536
109
588
319
114
552
544
523
601
567
120
734
417
807
715
856
749
491
582
349
274
303
930
654
468
465
144
386
889
38
870
412
669
530
900
276
769
948
601
23
682
467
657
121
366
21
580
131
578
20
692
409
625
345
287
214
738
646
356
994
135
155
479
930
232
575
589
505
905
91
86
919
800
633
945
370
934
827
526
617
375
985
631
417
889
462
344
166
620
882
978
743
300
994
710
671
265
741
369
31
123
32
238
831
93
56
268
171
381
307
768
937
369
20
791
603
211
806
69
686
817
3
192
282
656
614
271
52
647
632
422
659
808
939
700
524
547
612
855
972
683
769
704
344
458
915
496
932
549
763
808
550
885
93
490
528
849
292
383
373
265
538
127
96
18
318
621
639
550
845
454
185
287
711
533
33
916
158
584
963
38
998
567
465
238
754
876
100
286
991
953
13
915
802
60
725
981
85
659
73
734
851
512
345
284
360
679
8
530
188
811
359
400
796
996
4
469
68
198
99
218
668
317
47
349
759
861
659
786
428
588
377
60
536
583
401
728
736
56
599
316
313
41
521
331
228
432
727
202
887
774
993
365
612
578
967
123
646
306
521
822
236
874
503
413
967
496
631
168
934
899
680
148
623
778
225
732
572
779
794
985
454
539
333
460
274
941
220
169
300
317
426
25
148
516
300
836
17
470
635
186
315
127
172
961
166
959
447
842
392
901
210
390
363
200
321
253
761
390
378
718
864
248
665
964
964
674
506
295
67
184
157
771
216
407
347
998
459
609
969
527
559
760
82
231
928
439
306
145
490
114
767
211
798
661
189
684
206
5
532
18
690
897
596
995
108
512
497
573
321
737
740
483
607
424
424
892
835
819
58
150
536
458
442
45
388
392
1
429
303
307
851
717
474
311
314
337
212
273
737
238
774
626
575
141
205
813
33
94
641
92
895
162
1
905
144
4
114
913
440
549
22
107
546
849
294
196
186
196
727
396
144
262
293
24
142
601
64
456
834
15
230
38
768
579
855
947
358
171
403
273
681
798
670
906
630
735
256
132
418
632
579
423
600
595
443
971
723
467
615
417
859
961
362
273
60
195
587
330
903
142
598
757
303
602
677
662
66
52
391
288
883
493
411
42
59
252
350
674
845
558
152
467
908
954
335
277
673
945
759
701
11
25
444
680
470
533
582
475
66
186
162
466
154
565
902
500
112
634
702
872
417
939
696
379
704
213
492
475
942
635
978
501
356
830
185
630
571
759
36
594
166
889
166
861
862
87
561
341
824
959
586
758
172
998
110
43
326
94
316
334
508
600
436
385
614
891
649
353
295
608
216
329
188
890
365
754
374
881
544
358
380
230
787
655
799
605
110
506
427
539
7
810
502
901
199
214
961
971
820
435
435
543
707
153
114
652
724
120
779
602
801
9
770
749
726
468
254
175
832
747
735
281
839
58
547
732
102
649
821
695
8
693
411
754
210
79
306
242
759
880
350
404
949
777
743
722
562
329
56
154
211
336
755
460
814
590
551
654
361
287
872
996
763
262
306
965
813
460
582
353
772
831
207
673
982
760
414
638
680
694
159
281
562
789
285
710
142
658
813
349
392
506
198
31
234
491
543
345
967
197
719
851
310
39
68
966
160
14
518
949
842
70
55
811
903
517
782
457
914
758
52
849
665
234
312
719
432
440
965
936
369
717
724
139
849
442
502
200
91
982
567
317
245
12
644
846
102
228
451
745
562
482
521
613
135
101
734
882
942
459
742
606
235
551
738
7
185
496
282
655
290
913
728
593
520
905
78
472
722
374
882
797
19
292
990
6
178
462
922
441
959
257
469
892
28
669
229
12
133
687
10
825
557
113
211
244
470
333
718
96
257
520
407
810
630
766
290
211
28
246
374
836
419
848
702
250
127
670
914
78
41
334
227
440
1000
18
763
247
117
636
860
994
229
813
515
283
996
100
589
867
919
74
434
828
554
397
176
54
589
122
311
363
436
584
412
140
123
460
699
281
629
836
51
16
596
215
9
426
781
850
583
7
272
260
589
396
850
880
250
548
245
810
289
743
862
70
459
334
258
975
592
778
32
849
535
590
120
282
710
564
646
170
898
367
400
354
284
293
42
939
90
711
441
74
132
851
459
889
727
766
143
291
471
674
179
517
327
577
599
220
821
845
829
959
153
952
654
106
40
509
809
528
71
825
319
445
420
20
734
828
436
22
558
513
988
738
71
5
89
61
509
130
809
916
129
67
580
602
929
219
631
132
662
134
544
282
944
715
890
288
331
334
489
804
931
539
180
456
844
170
181
592
843
818
564
856
742
461
944
112
301
674
852
728
456
106
579
793
295
503
624
901
867
905
247
864
212
457
382
181
956
76
128
53
49
981
679
381
47
628
431
479
515
78
648
331
575
523
95
373
439
464
741
917
261
337
961
25
18
962
584
715
958
627
815
472
76
789
613
995
532
416
309
863
113
16
422
151
441
484
999
190
523
792
547
393
840
336
173
904
135
222
242
941
589
17
835
985
993
650
427
950
421
380
476
337
438
45
928
319
396
114
265
114
760
292
75
278
86
503
637
677
849
38
879
570
691
104
824
807
876
732
145
648
978
193
498
888
734
890
764
67
263
913
36
421
475
115
792
303
476
894
578
916
651
524
230
717
588
765
186
327
752
424
701
770
863
10
168
369
757
346
934
209
806
426
552
549
763
834
784
173
210
481
468
510
820
235
231
56
509
887
59
878
963
320
948
523
894
682
743
380
343
93
371
505
704
406
88
806
170
494
481
972
220
339
232
570
201
471
283
484
276
357
810
805
370
126
338
325
12
114
136
928
913
254
718
79
569
751
985
622
422
104
15
180
44
894
655
439
836
935
360
738
217
265
819
686
151
800
208
347
198
24
93
443
660
565
245
434
908
834
384
209
181
761
349
952
281
650
740
947
986
839
79
157
910
756
913
226
359
55
950
984
366
956
197
785
815
647
235
573
724
938
747
231
91
101
226
296
164
240
897
787
148
966
368
208
61
200
56
238
642
720
679
861
692
638
387
387
467
815
963
557
98
20
330
866
860
804
855
488
733
584
44
325
588
493
883
350
145
579
376
481
188
142
561
38
433
946
280
834
139
311
467
322
563
661
802
269
193
577
98
580
99
858
559
109
874
947
377
353
144
784
106
146
15
290
412
466
472
543
687
978
615
118
18
573
921
88
931
406
139
643
219
133
765
412
574
311
333
781
880
536
578
756
598
9
589
306
473
455
207
647
25
666
429
263
219
56
521
612
280
531
129
305
433
640
947
648
898
795
360
880
978
527
135
591
684
271
479
264
662
332
97
421
714
949
164
198
991
220
905
614
186
834
600
123
937
805
510
917
214
853
2
550
714
308
116
734
13
572
923
682
267
167
261
936
312
473
49
478
204
97
143
577
338
692
678
402
941
745
897
73
95
965
323
352
841
763
83
274
147
659
219
501
240
624
2
955
905
262
505
907
823
85
834
804
709
905
424
677
2
889
521
760
694
896
418
14
778
453
520
417
266
652
927
186
20
676
709
518
742
338
587
672
327
800
81
269
502
582
464
65
69
261
505
552
58
332
456
329
850
736
610
647
634
320
677
590
501
752
9
72
693
871
90
899
375
692
966
751
579
644
943
448
850
503
967
835
786
485
334
404
176
324
476
881
541
867
734
135
624
871
661
909
164
650
768
214
43
105
462
572
110
189
975
607
886
379
757
856
378
858
754
388
830
351
32
839
17
301
993
829
708
80
243
681
913
288
541
606
927
705
176
708
33
751
624
645
87
169
86
164
862
647
317
308
51
58
745
240
413
275
557
760
793
439
777
568
376
86
286
152
765
998
993
546
49
288
617
16
817
512
668
387
976
595
945
150
898
1000
612
36
688
407
559
810
783
784
91
984
622
34
25
563
994
219
426
945
18
182
992
768
284
666
501
235
9
547
402
443
358
810
619
579
79
642
790
621
213
697
278
24
967
783
182
608
363
131
693
157
451
8
410
934
391
694
500
460
748
812
88
169
599
417
4
785
332
837
623
508
268
100
260
135
795
926
183
340
982
138
859
36
618
301
520
708
532
205
10
241
822
175
577
10
680
217
532
932
219
857
6
572
372
479
418
816
720
481
157
8
880
165
415
915
753
232
427
408
484
210
355
966
24
418
405
862
680
655
440
983
424
692
989
902
308
713
852
707
220
945
804
254
617
524
467
43
641
174
713
978
200
806
920
473
62
192
990
85
811
162
769
383
178
369
94
355
477
380
648
403
484
504
815
895
153
106
403
975
201
970
387
870
281
630
213
234
389
528
843
390
895
873
902
560
982
816
141
819
558
748
401
454
280
807
683
105
410
223
135
142
725
733
954
289
488
979
204
359
220
45
697
209
300
445
243
310
284
833
816
757
826
578
57
589
798
131
617
238
192
814
449
262
994
299
299
363
695
346
516
959
724
762
448
844
940
275
820
901
748
697
857
62
339
339
26
280
631
500
299
821
56
859
262
25
688
985
32
785
75
724
243
3
544
593
596
45
635
341
642
187
894
302
105
175
407
202
24
579
499
408
157
536
382
68
546
78
393
557
31
669
690
843
381
700
78
911
420
881
737
515
12
40
351
977
506
99
533
582
252
108
23
691
473
742
294
176
788
677
31
151
903
625
798
294
642
591
344
775
798
413
13
262
845
538
300
338
819
187
858
405
833
840
907
879
323
803
876
971
999
591
963
304
929
310
814
428
956
612
827
934
598
670
845
874
262
251
399
335
504
355
393
17
90
364
652
519
114
156
262
821
370
21
208
626
858
958
448
458
820
402
973
287
166
461
680
476
230
612
426
159
915
427
777
384
326
56
664
603
367
693
71
479
766
156
679
403
300
43
885
97
674
742
371
470
723
163
242
477
504
219
151
3
381
952
349
419
355
966
754
376
384
933
710
749
990
547
752
613
610
699
309
975
769
723
452
410
263
706
677
116
299
343
872
596
375
23
911
692
259
48
916
839
113
334
767
823
460
254
465
25
57
130
207
849
757
725
200
855
924
12
839
267
320
508
405
600
289
574
892
638
78
510
266
774
784
495
205
96
897
774
624
469
551
481
299
776
460
50
723
598
912
349
211
272
669
73
442
6
628
731
942
618
466
127
546
109
609
558
469
565
975
988
328
77
592
160
304
670
598
484
488
434
997
778
725
482
352
346
488
233
234
736
233
701
174
193
316
580
781
628
25
431
422
836
694
540
581
150
470
482
416
724
309
19
775
143
108
883
263
533
469
473
763
137
34
809
535
783
410
309
164
356
283
344
504
262
534
937
709
247
476
163
774
275
178
311
882
517
672
55
112
575
604
567
815
311
219
82
669
107
213
119
326
35
537
546
708
931
793
900
295
663
537
332
738
872
319
94
662
533
245
279
291
218
104
316
546
699
921
45
249
483
112
19
35
243
923
624
596
500
662
264
684
503
26
913
32
218
430
753
529
123
15
194
34
651
62
460
388
568
159
837
233
816
788
859
19
95
113
585
495
18
171
696
378
41
230
516
172
684
603
452
979
550
342
100
578
583
246
798
316
251
106
109
407
153
896
893
270
230
382
360
222
994
107
213
317
718
691
335
8
967
665
154
122
140
292
832
678
104
73
697
806
484
549
727
976
774
76
790
150
102
311
462
980
778
131
455
789
113
873
108
159
722
364
363
663
937
486
111
384
738
780
271
484
978
624
148
303
610
24
101
176
345
514
989
349
128
816
969
230
246
277
22
692
394
597
412
629
39
973
352
684
606
82
198
67
562
303
65
689
961
858
904
570
496
690
117
962
627
278
690
796
242
894
975
125
64
791
831
241
990
42
796
267
763
434
578
957
469
170
376
86
461
396
665
785
924
42
984
660
886
252
551
284
344
749
648
977
660
122
581
32
863
197
83
872
388
61
852
527
456
217
246
898
409
334
21
51
883
158
650
703
308
253
715
768
478
363
873
599
678
522
829
743
891
682
982
847
132
758
349
869
712
886
809
679
193
343
536
388
406
466
398
82
599
798
637
32
123
953
136
866
840
554
943
809
665
348
606
216
942
969
746
683
285
513
866
826
371
330
297
73
982
548
959
518
498
16
388
187
461
210
465
9
315
98
887
166
248
607
744
687
288
801
326
400
120
421
403
532
609
720
208
508
336
221
696
536
746
976
892
884
116
941
887
366
361
984
72
228
247
713
343
782
717
890
787
449
160
839
907
35
771
653
696
253
82
782
828
975
237
677
869
378
271
189
407
75
921
421
881
102
777
493
986
852
945
134
246
105
193
252
836
198
817
863
999
868
562
552
824
424
119
767
599
995
778
837
231
797
580
879
517
849
811
811
367
324
66
206
143
650
63
487
756
898
237
832
537
905
642
600
897
8
315
775
816
28
582
890
358
829
654
728
105
281
841
650
520
848
921
729
131
832
476
905
287
982
207
514
375
159
724
457
4
907
43
158
305
563
55
726
922
70
440
330
196
962
584
612
4
283
779
455
685
21
784
96
161
310
991
875
90
61
827
20
98
286
928
25
370
61
829
235
380
704
714
266
839
41
186
897
777
282
806
218
954
932
558
145
712
976
39
585
175
227
977
566
187
702
863
996
543
500
664
46
650
330
241
208
447
97
250
846
843
842
78
778
323
483
697
43
454
868
94
455
447
531
80
465
152
858
490
54
65
847
141
149
918
673
579
449
238
145
163
483
793
769
165
223
810
832
51
612
234
974
629
953
714
308
205
66
922
701
710
380
766
354
24
102
848
584
452
409
573
988
950
859
699
817
518
756
525
77
833
383
173
21
386
371
227
62
786
656
764
703
72
112
623
941
608
735
694
538
998
496
802
78
388
151
750
957
634
361
749
559
217
880
281
586
638
712
44
735
34
417
2
56
670
304
715
213
996
917
652
589
343
46
759
425
552
266
480
339
87
387
368
290
292
698
773
856
999
556
185
217
920
396
39
117
79
881
962
27
448
321
448
303
703
256
964
453
93
884
461
363
19
400
22
236
114
487
715
580
776
552
189
361
446
971
166
658
498
472
608
465
394
98
317
445
519
74
816
593
479
847
796
103
268
239
413
549
507
432
388
23
922
467
359
754
480
702
238
960
467
646
124
326
844
692
213
872
100
851
379
564
715
890
866
25
103
521
527
848
651
692
992
419
401
746
199
98
748
694
598
872
446
464
735
987
87
535
436
942
811
497
897
7
127
127
445
108
709
670
201
1000
531
44
579
738
916
306
485
749
205
484
39
121
410
402
402
84
958
716
88
582
963
18
331
48
527
429
539
438
18
843
880
726
561
707
970
237
822
939
254
900
89
922
822
518
889
380
38
883
872
695
298
558
536
134
59
341
512
880
419
879
759
127
773
327
983
876
928
357
975
774
635
787
548
770
651
358
260
508
396
828
181
382
283
172
783
42
806
497
239
741
697
859
777
468
898
946
720
834
982
215
926
726
496
729
24
393
76
178
401
57
651
369
90
740
802
2
124
324
937
781
614
873
70
364
837
161
733
697
141
129
416
68
939
89
33
627
382
580
123
556
660
369
397
602
279
242
908
663
518
718
85
296
304
710
400
742
352
27
679
738
482
310
784
920
445
538
103
465
917
766
385
516
372
928
228
40
713
566
25
991
254
370
522
892
815
67
130
871
276
683
926
461
615
891
784
572
663
680
84
601
201
256
971
661
353
215
248
653
335
581
299
965
491
308
197
283
901
1000
581
521
649
540
474
724
407
558
904
193
454
582
239
713
309
145
416
115
333
545
51
864
332
597
753
1
610
83
739
15
736
348
425
643
94
770
386
756
127
935
91
120
307
569
678
188
14
314
946
798
394
687
121
485
778
93
970
860
732
135
464
641
153
533
294
575
450
288
871
999
596
395
928
929
651
252
289
764
365
507
336
652
423
632
90
793
980
550
411
799
836
13
481
968
677
198
420
475
10
749
181
850
861
441
462
380
281
894
490
29
20
945
286
594
182
849
322
157
875
280
375
484
440
381
957
707
448
431
969
91
753
447
511
96
740
947
844
922
248
176
607
442
649
691
584
381
532
130
132
213
531
231
653
503
968
790
926
995
73
662
791
264
584
362
307
257
144
265
874
867
470
205
993
259
197
238
208
532
591
421
4
271
795
928
635
977
662
259
124
623
452
378
744
61
916
671
919
852
638
654
761
312
692
136
162
555
116
730
562
24
435
634
992
439
803
404
120
167
337
570
975
295
34
349
301
201
250
58
334
63
60
8
427
189
793
248
661
777
647
906
718
253
384
916
511
171
774
452
914
73
326
990
515
217
106
403
119
923
983
250
172
433
76
149
603
589
909
671
610
474
497
85
324
153
608
9
716
689
566
659
932
222
951
356
81
313
792
516
574
992
117
577
500
60
510
277
482
610
849
67
473
613
88
478
643
244
881
290
810
665
702
707
519
27
688
754
167
602
635
765
807
252
943
330
980
350
665
155
32
294
173
213
358
281
589
993
360
305
27
997
225
744
508
249
970
928
155
299
990
140
131
568
507
853
740
645
895
222
810
906
174
381
134
931
127
215
410
61
248
491
294
54
792
573
777
813
4
224
948
133
228
543
302
104
478
39
276
641
842
887
797
183
329
144
539
97
896
691
452
104
438
470
254
580
822
427
306
254
342
884
871
811
660
455
737
577
586
864
298
76
25
303
123
975
625
663
781
901
100
528
561
383
749
694
586
820
832
602
749
157
211
505
194
215
610
451
688
109
109
687
63
346
159
448
301
394
334
880
370
840
134
723
779
731
339
599
471
928
861
288
587
185
119
405
904
969
902
105
123
194
404
477
663
862
737
989
415
711
280
367
3
371
985
858
892
747
321
317
223
253
897
283
508
870
521
983
661
899
315
734
849
532
16
556
730
377
154
21
557
761
142
427
985
245
186
169
929
814
291
854
641
286
72
377
302
703
24
299
753
49
455
168
925
1
251
901
811
513
391
721
882
958
490
97
499
404
697
905
367
113
284
808
623
897
297
503
659
189
713
517
83
173
811
398
745
936
815
383
999
480
847
406
399
48
866
898
126
219
442
935
860
143
129
75
547
26
36
32
53
771
620
227
300
351
713
165
626
230
320
268
929
437
403
853
852
877
179
816
225
353
749
993
556
752
616
209
575
503
964
520
811
932
497
126
351
901
517
799
697
55
956
819
988
426
576
134
195
976
933
713
117
4
370
673
61
239
614
800
670
717
760
965
128
435
277
623
618
521
847
166
961
481
898
589
289
723
922
136
856
124
115
779
318
540
399
973
970
717
932
289
920
139
856
330
354
249
939
998
42
43
726
891
759
252
356
143
988
114
989
364
672
852
688
555
615
308
981
602
415
565
95
510
517
982
25
922
52
32
150
219
567
936
652
138
836
881
588
994
684
622
615
620
183
897
504
799
8
70
240
979
529
416
159
325
63
265
349
28
490
691
294
105
465
959
16
340
182
351
497
9
139
449
457
647
693
857
907
512
195
575
509
537
965
413
399
867
638
324
644
256
868
926
65
365
174
334
294
304
239
870
250
756
396
708
349
114
606
844
443
680
272
130
472
836
603
737
317
642
673
554
784
694
347
739
428
920
590
546
449
711
64
986
79
838
938
770
651
970
88
434
504
133
965
168
21
743
486
496
136
776
826
43
939
962
395
181
385
674
379
162
660
987
897
107
879
346
209
290
410
427
893
587
691
419
213
267
888
714
513
903
123
865
501
925
966
752
174
494
752
459
545
539
964
426
127
911
966
748
414
803
889
165
63
321
801
95
770
203
546
925
69
286
632
623
586
798
310
156
468
898
884
340
287
7
915
531
494
789
802
793
564
281
673
208
416
321
265
685
720
693
566
841
51
240
646
408
433
999
150
223
824
703
871
978
616
65
697
281
988
506
695
580
190
18
34
570
377
93
121
979
669
452
721
528
175
847
215
600
644
858
730
71
164
779
317
279
627
389
376
687
535
803
634
745
29
830
693
476
298
881
426
874
254
467
155
23
435
513
295
338
274
187
994
565
846
845
227
112
559
748
731
45
333
108
731
122
707
707
187
370
93
942
364
113
386
46
231
873
76
536
145
984
507
162
753
404
734
170
302
750
165
608
283
551
956
41
999
94
916
746
170
445
211
3
743
723
785
251
54
453
990
380
290
942
813
658
333
777
910
250
866
328
795
965
308
258
384
865
815
589
196
904
679
843
768
888
479
419
84
323
831
787
671
880
135
132
226
571
459
29
282
269
254
308
506
515
889
645
869
426
40
779
251
756
557
961
591
293
248
835
25
506
12
604
845
936
145
969
312
207
170
117
643
621
820
217
860
484
363
529
859
372
614
981
125
218
806
215
447
148
219
338
528
45
367
553
533
432
664
479
430
72
236
115
598
865
542
274
177
577
547
565
774
115
49
394
706
367
454
410
331
572
591
343
372
409
179
233
85
743
494
835
888
579
138
123
315
591
875
805
198
167
511
316
498
966
186
35
947
27
918
309
942
955
797
587
779
793
753
606
56
731
104
921
470
424
798
992
843
951
290
642
919
174
138
539
892
307
380
587
939
363
774
715
215
715
255
315
334
529
437
689
52
895
609
361
269
827
671
692
777
175
891
551
451
531
580
92
214
418
563
686
490
716
885
571
848
579
694
771
481
604
149
448
892
187
953
774
243
854
722
838
284
117
461
674
291
823
669
118
207
41
949
741
951
67
982
359
576
639
510
313
190
396
602
468
309
464
726
893
94
437
827
387
398
431
650
592
938
869
643
410
662
623
608
227
597
717
313
648
382
742
33
571
946
856
939
772
980
615
997
367
952
161
950
237
78
749
864
562
355
299
61
931
9
148
859
41
815
989
662
72
147
811
103
522
837
245
377
522
212
540
481
209
293
208
901
970
553
827
747
398
902
919
126
970
966
895
240
127
424
697
553
522
837
776
736
525
516
1000
874
576
392
259
707
289
164
473
644
603
413
843
119
699
127
81
81
535
420
78
350
58
172
467
721
30
354
618
705
853
534
437
323
914
244
338
323
143
789
113
621
854
258
77
602
218
65
104
189
460
173
811
28
271
29
299
806
332
770
117
950
691
370
750
696
717
325
354
660
743
619
285
428
155
140
975
658
51
747
298
42
913
438
864
137
419
580
418
55
707
68
106
451
813
151
742
363
200
648
736
189
523
12
241
491
508
685
101
107
653
373
780
16
742
860
896
626
469
792
62
171
344
180
745
54
327
874
767
120
577
589
699
328
970
794
895
14
172
869
857
102
215
70
296
706
455
59
399
395
383
626
80
659
611
71
490
556
570
494
403
681
629
588
263
966
129
319
345
427
801
1
838
773
455
285
266
319
196
465
950
700
739
777
27
566
765
191
876
346
866
370
814
728
811
507
914
303
526
617
385
95
741
641
706
13
301
286
722
153
85
520
6
752
439
729
188
943
214
912
26
573
207
909
445
563
65
157
334
659
61
103
157
238
470
575
473
507
967
603
322
914
606
909
650
499
196
88
386
404
747
587
686
390
52
183
303
172
536
87
433
27
634
130
348
96
377
314
617
860
396
109
608
462
162
681
601
195
595
516
175
467
7
511
136
992
801
397
334
825
22
874
343
899
921
911
745
719
702
164
454
867
240
274
22
777
738
917
290
812
789
620
719
19
295
33
328
898
384
230
44
50
271
503
574
633
806
147
302
56
26
315
298
402
91
190
515
70
210
639
946
379
131
632
157
328
400
914
533
282
655
217
611
21
877
551
628
272
45
953
190
474
763
737
763
87
842
822
42
171
680
775
971
280
757
52
823
395
573
111
843
713
468
300
292
282
177
426
868
713
669
391
545
500
85
527
930
31
55
508
812
519
419
410
106
369
18
738
582
900
872
903
297
116
297
976
580
234
198
665
369
754
728
69
75
314
43
113
287
384
551
447
633
969
160
848
353
578
159
447
994
462
587
27
819
842
728
676
512
887
512
193
559
84
705
105
159
229
118
656
725
105
516
352
165
298
881
642
99
870
337
724
343
609
215
48
604
963
653
463
324
599
691
778
904
1000
576
775
815
868
192
894
345
120
677
149
959
945
634
6
644
537
861
256
854
900
72
759
986
946
838
927
111
252
27
514
855
653
192
625
822
425
21
167
796
237
39
987
74
640
407
360
11
270
637
550
569
156
363
57
444
654
826
815
756
395
212
309
170
524
705
766
262
555
121
299
231
534
884
298
699
525
86
217
165
674
208
496
90
780
705
317
213
71
632
815
14
398
509
588
540
99
934
466
193
370
956
774
938
705
845
455
482
958
600
199
78
34
595
223
284
144
352
965
958
92
729
420
770
512
115
318
430
731
686
698
362
757
821
87
703
561
987
233
157
225
27
379
825
320
3
410
693
730
625
386
13
822
951
202
435
955
387
453
75
311
331
965
993
974
773
833
276
943
693
364
32
751
500
292
789
936
126
30
741
261
534
475
646
380
436
439
621
576
895
989
797
512
640
210
634
270
637
785
748
799
898
613
800
743
259
621
45
431
793
743
771
622
139
168
568
1000
450
632
720
296
747
967
298
916
187
350
566
934
530
726
829
488
792
54
118
851
807
291
796
297
725
855
929
510
969
80
971
189
324
358
164
296
711
122
493
594
847
572
812
504
909
466
161
783
52
265
279
602
357
274
649
308
161
749
232
261
737
1
653
394
268
228
801
597
163
848
925
967
581
240
401
143
779
389
750
349
9
788
5
972
115
730
894
55
246
675
881
61
817
925
256
272
324
154
86
537
238
117
293
975
374
133
957
840
305
427
87
325
661
875
151
699
412
535
540
765
539
287
624
903
371
450
52
512
766
593
329
848
109
909
426
653
194
756
784
623
989
378
996
18
533
857
118
748
628
986
671
646
387
760
561
62
172
335
63
496
742
523
956
940
852
295
745
354
270
610
404
7
516
561
338
834
469
158
509
176
448
630
910
982
946
546
481
441
783
497
395
391
815
28
182
661
239
950
324
891
671
266
445
125
464
344
351
871
757
75
558
203
341
933
826
399
671
260
982
45
636
83
466
253
537
84
245
315
678
578
562
436
906
337
634
263
876
307
885
306
849
2
99
486
691
181
997
241
158
16
332
205
401
947
331
497
814
413
743
584
572
947
710
616
184
764
912
708
960
549
467
610
553
509
209
736
829
474
91
678
585
884
745
10
357
536
206
425
735
965
785
139
413
133
934
93
998
942
796
381
682
655
699
5
555
54
317
175
864
738
879
898
796
243
114
403
604
423
674
907
138
233
377
214
456
6
275
647
115
26
216
818
334
448
600
222
914
188
527
578
760
157
267
205
651
687
392
448
18
46
885
579
80
300
148
473
576
81
767
63
779
713
28
978
242
810
701
825
747
819
802
853
718
316
639
551
642
668
930
60
242
216
250
513
158
29
820
286
673
787
16
832
651
804
910
367
341
168
36
687
792
748
130
54
336
937
810
605
24
934
304
218
236
284
95
86
135
969
579
854
341
479
414
905
441
661
944
260
405
472
705
25
81
248
704
751
354
170
527
822
840
358
649
188
638
211
100
245
478
22
112
30
713
456
635
884
351
645
223
288
839
29
76
169
30
795
478
996
968
9
185
96
246
757
123
217
605
613
688
455
539
876
602
408
560
121
106
792
771
57
659
131
873
186
39
910
779
460
348
883
169
995
752
863
305
456
316
55
206
985
136
551
606
27
298
29
884
399
728
220
649
579
731
417
575
627
855
707
595
605
691
166
952
770
506
572
447
185
264
330
518
78
685
951
634
134
484
69
184
665
821
829
913
273
706
245
730
691
516
736
544
522
975
266
643
444
834
491
438
564
439
992
498
329
302
590
125
19
608
960
468
726
746
533
584
254
51
660
556
357
144
744
688
881
345
650
594
434
494
969
632
674
93
543
361
930
292
552
689
955
223
935
546
988
68
421
111
801
437
102
600
372
29
776
776
116
949
841
189
145
755
123
821
774
468
978
973
614
512
305
894
388
558
798
142
536
544
875
449
915
550
670
817
370
688
809
872
508
525
156
584
739
676
181
210
23
707
522
167
764
404
159
598
480
995
878
831
528
292
233
112
466
436
582
190
471
450
934
593
559
93
621
928
78
977
52
551
574
259
212
106
347
441
732
820
462
389
1000
459
820
346
430
253
711
405
269
159
140
59
742
226
968
351
28
947
241
209
958
100
383
680
223
55
58
324
461
53
363
430
901
954
403
372
155
863
102
221
110
35
329
975
632
797
20
359
633
100
982
928
441
595
881
254
553
683
445
737
10
956
810
476
802
94
179
336
803
130
203
287
460
929
676
787
297
875
973
949
196
481
188
29
699
179
569
362
138
366
148
234
574
185
622
347
512
443
33
919
178
823
910
410
296
302
185
688
850
442
916
462
411
180
468
406
435
410
974
214
426
290
691
387
23
173
453
322
195
682
602
727
784
302
547
599
952
602
983
722
405
26
779
86
799
434
410
229
37
451
467
365
589
129
427
911
202
715
756
712
122
628
515
682
304
886
262
815
670
899
521
504
103
83
451
388
710
339
87
341
496
619
195
17
703
885
905
938
362
124
254
795
312
714
268
560
636
816
375
758
391
313
273
388
962
493
59
472
836
971
765
253
340
660
408
965
301
712
856
937
226
645
72
803
855
551
216
996
991
985
714
400
554
918
660
648
574
411
189
987
905
887
568
54
915
507
712
18
215
686
811
509
651
583
126
10
910
494
685
123
188
990
259
348
596
943
103
382
747
140
530
320
593
327
599
142
599
52
737
508
628
559
48
108
162
967
34
635
201
760
387
175
129
144
328
359
924
305
805
885
281
813
483
72
823
756
916
645
62
929
550
844
105
58
618
556
235
473
609
402
107
102
657
379
939
395
7
234
531
926
839
95
194
347
39
450
56
84
236
799
240
483
359
504
957
771
989
622
600
595
342
649
142
200
20
548
285
317
574
128
937
327
745
182
934
373
581
927
295
283
858
899
597
606
914
132
55
26
612
230
959
364
555
895
739
537
390
481
866
371
346
89
989
786
622
41
969
134
957
534
575
797
531
331
807
863
29
176
941
783
604
758
710
729
806
846
674
290
834
774
101
880
458
729
539
983
54
844
363
832
746
390
529
662
47
329
500
746
899
399
472
425
154
274
390
909
853
940
488
948
792
727
404
498
354
298
649
265
342
678
38
264
230
264
895
950
718
206
581
641
692
544
72
782
954
803
386
128
531
456
533
147
124
122
177
59
144
378
836
575
52
355
881
104
406
590
704
888
842
361
670
449
583
430
487
419
815
49
96
231
867
72
760
895
512
161
776
613
256
826
183
820
185
310
491
88
407
587
791
641
226
707
634
531
594
230
261
473
937
399
189
627
127
32
811
321
971
703
308
197
434
435
130
843
886
297
757
645
930
315
784
445
826
342
457
218
865
38
746
79
486
388
531
947
25
293
485
191
310
94
682
108
516
146
738
609
344
474
929
744
424
13
153
436
622
821
243
335
587
629
386
79
495
250
704
439
978
794
769
55
511
57
924
427
979
311
730
845
334
521
606
750
737
669
433
290
403
742
658
929
958
166
625
305
567
310
387
480
432
423
781
265
904
188
76
578
298
836
306
473
486
419
463
838
913
483
909
335
700
373
181
855
33
636
484
209
323
677
674
38
886
129
87
344
296
801
158
724
642
584
112
197
138
869
624
97
98
191
677
372
215
779
137
1
400
954
835
633
811
987
736
283
704
768
709
224
340
249
327
272
811
922
943
589
902
668
376
727
343
928
558
171
144
212
117
699
357
592
519
826
805
237
505
190
39
507
778
757
516
845
45
278
711
893
208
212
698
346
597
651
540
569
569
19
78
194
284
529
584
525
11
653
918
517
311
819
410
587
388
207
755
121
802
412
389
387
788
389
524
815
157
502
748
874
590
919
571
243
658
482
443
217
188
526
396
264
6
296
203
389
773
892
835
115
218
440
598
599
962
757
26
749
962
745
2
8
329
240
799
357
893
426
184
682
577
409
783
424
675
931
439
849
805
97
300
516
258
240
430
256
230
657
864
676
326
457
633
494
730
219
785
619
945
26
565
665
826
617
885
102
336
696
287
422
852
70
440
761
457
4
161
777
368
535
335
755
548
275
624
31
115
877
324
943
691
230
283
282
322
533
501
567
852
173
279
144
810
197
953
326
454
417
511
775
433
610
640
232
551
235
509
344
688
464
871
997
350
414
582
329
432
711
74
54
653
327
746
393
267
677
463
376
267
319
461
147
295
104
640
601
799
975
277
486
759
19
590
616
57
634
119
274
46
286
974
663
278
198
91
337
992
173
155
537
232
257
414
251
41
129
712
998
823
648
675
404
568
186
604
773
412
8
872
259
66
320
671
939
891
884
661
690
672
916
620
580
225
1000
705
833
829
417
842
728
654
188
244
460
798
469
100
921
211
212
860
104
282
193
78
314
188
207
624
607
936
304
4
738
404
903
306
302
250
840
38
749
318
526
903
18
998
38
831
620
237
976
16
143
452
850
971
83
198
59
396
965
451
815
456
740
292
980
676
39
521
429
639
688
547
844
155
491
398
183
484
992
973
135
767
239
351
179
75
323
733
810
321
424
347
477
473
857
765
674
101
264
866
493
713
142
360
983
988
469
946
562
621
369
403
493
552
271
482
861
219
992
693
413
805
1000
192
151
376
872
147
246
963
531
312
937
888
408
610
21
66
869
148
187
90
992
953
58
462
517
147
724
719
123
850
236
430
905
781
643
875
368
347
448
574
248
84
47
357
209
385
281
686
670
313
34
576
430
564
882
887
712
664
358
669
836
906
183
386
455
504
926
873
17
361
685
163
111
805
994
522
207
302
427
773
295
946
198
139
209
244
885
545
671
821
568
79
187
136
5
701
506
84
200
295
749
556
68
183
250
371
251
407
405
788
13
457
277
529
55
785
159
597
535
20
928
999
192
354
309
20
737
405
349
213
135
317
268
751
97
769
930
652
343
145
960
220
114
609
407
117
686
903
169
807
591
75
790
425
280
366
157
128
403
591
788
435
548
294
993
975
741
265
569
355
136
12
363
985
853
720
297
647
76
640
882
462
737
369
4
900
610
436
613
159
600
407
665
546
957
497
726
187
247
223
971
285
401
806
360
719
474
399
152
686
813
489
294
382
524
777
994
471
993
287
960
288
996
814
102
89
736
58
641
879
753
367
216
999
773
237
941
923
846
175
263
475
738
68
597
292
989
787
20
287
747
889
131
503
499
248
153
275
769
578
123
765
845
164
491
412
193
626
684
157
332
255
807
618
45
347
112
202
918
808
609
280
802
366
551
53
693
29
585
240
743
24
958
849
886
926
593
887
756
923
922
62
290
755
423
460
939
604
447
462
444
136
821
934
670
599
526
837
230
429
401
305
304
527
255
729
203
235
277
763
777
31
972
266
462
686
839
57
760
309
506
129
261
833
553
256
994
865
58
919
398
405
528
570
258
799
790
973
984
987
799
40
918
379
261
276
986
458
321
387
197
217
323
816
133
467
531
332
874
673
378
310
301
695
986
625
908
195
846
659
471
471
987
876
975
877
770
211
625
471
141
641
840
897
972
176
832
963
670
610
819
600
641
303
960
652
851
771
63
534
241
261
111
616
453
803
388
39
92
258
938
96
213
563
92
84
873
921
757
882
516
262
269
711
864
888
119
748
584
828
196
964
894
755
17
581
636
801
239
157
528
803
580
739
390
613
677
696
932
165
297
699
136
391
266
556
544
711
111
466
265
167
613
507
210
448
464
452
660
87
163
746
384
307
156
435
953
115
383
388
64
533
553
110
506
552
82
77
360
655
499
590
349
45
578
455
5
260
943
949
377
620
60
972
767
351
635
916
821
352
264
259
103
921
707
559
794
336
709
73
240
526
140
969
89
839
815
554
844
948
954
247
501
503
175
138
446
988
859
449
560
492
992
860
928
72
751
568
905
793
25
55
811
906
697
616
766
520
520
397
142
65
829
389
16
460
950
595
15
743
211
879
62
159
896
994
248
168
136
141
192
756
304
242
865
279
926
642
615
208
556
604
940
85
541
217
263
936
319
637
647
372
633
160
373
448
702
207
544
440
52
166
960
867
604
852
447
311
214
462
825
292
938
424
331
965
187
505
340
109
153
928
625
807
238
186
520
396
188
266
552
970
153
398
772
163
690
130
667
428
955
550
483
672
789
195
665
255
945
506
774
130
103
122
420
639
438
584
755
86
191
481
221
537
919
150
208
850
964
39
435
214
31
544
791
186
199
860
849
448
711
230
966
167
535
769
18
202
500
88
641
130
374
441
675
130
959
2
983
7
67
51
938
460
916
399
609
25
700
846
724
189
907
985
528
432
345
126
63
487
241
785
55
338
639
697
572
904
685
862
252
171
574
868
157
119
529
237
604
810
779
942
203
751
441
693
132
862
351
734
893
291
285
347
310
797
149
337
753
634
199
342
564
160
402
174
416
425
807
372
214
612
739
463
74
397
343
358
242
976
254
747
319
304
967
381
919
602
229
640
470
696
691
35
571
674
947
215
941
921
878
215
282
910
830
780
518
855
831
725
926
331
326
726
57
570
994
691
328
641
988
76
938
394
321
348
620
462
275
640
491
790
688
143
354
840
198
230
175
558
791
590
626
576
351
745
88
880
101
841
917
628
439
682
124
964
146
230
856
410
882
86
285
167
526
548
342
434
132
216
483
754
891
695
678
872
926
279
127
732
580
487
173
75
975
143
125
724
486
378
755
29
828
544
649
228
32
992
99
121
464
751
365
943
141
119
596
761
200
588
288
456
574
407
195
162
492
101
915
680
903
599
346
276
946
820
826
882
15
923
313
926
891
993
512
599
655
43
889
125
874
131
531
417
200
65
643
857
782
393
495
684
589
498
331
473
172
94
766
205
517
350
569
915
214
256
739
598
106
763
20
858
188
654
534
905
415
707
702
951
905
52
791
642
237
751
382
283
654
666
929
886
764
41
984
98
553
279
156
543
699
917
818
444
325
186
628
867
91
561
857
941
577
672
962
424
605
827
118
310
850
95
297
729
855
148
390
693
930
311
580
788
407
167
300
923
474
517
548
852
310
471
181
795
162
800
203
905
541
522
872
653
747
807
455
287
282
352
650
696
521
590
293
14
559
553
612
220
407
946
472
151
390
697
707
847
876
613
61
177
430
176
409
839
740
937
289
890
73
586
303
169
733
156
312
916
54
902
672
551
513
291
246
881
227
395
871
440
801
629
295
578
315
583
588
732
132
263
296
941
264
285
4
690
19
25
194
240
115
613
155
533
242
738
328
457
55
223
409
632
640
291
173
793
5
72
132
928
202
48
994
325
279
858
484
92
731
263
255
124
151
725
607
117
555
523
185
656
291
118
891
352
841
955
987
712
131
194
167
995
431
835
298
594
570
355
295
948
893
545
49
654
779
22
481
189
3
652
629
267
152
987
798
111
828
240
383
954
862
537
109
783
993
396
903
546
304
192
924
561
426
241
333
332
138
494
392
326
81
754
569
516
730
595
278
844
814
646
902
770
654
482
694
998
790
160
994
989
989
108
808
24
314
506
99
854
315
448
29
970
558
852
131
765
74
261
716
215
10
157
275
233
63
572
59
501
143
671
922
356
425
597
4
473
988
451
492
889
830
151
241
329
609
924
578
67
573
359
36
295
456
464
736
722
433
868
297
156
572
898
711
144
732
568
208
163
133
144
950
848
474
249
669
551
80
221
266
865
729
389
865
144
440
235
796
791
893
52
497
330
435
408
797
158
634
778
390
770
546
453
157
64
144
145
252
640
107
598
252
41
220
657
684
787
701
649
883
885
905
217
758
926
721
584
43
259
431
507
564
133
797
901
795
233
669
305
843
802
824
561
832
217
950
332
762
262
743
110
375
202
689
708
784
153
986
352
757
349
894
539
603
487
562
76
964
766
295
267
245
264
550
850
931
926
142
281
142
139
474
352
397
620
832
67
835
551
274
725
404
655
36
600
660
534
879
439
694
479
802
238
668
261
754
759
480
439
642
103
801
520
57
571
665
415
112
191
166
221
559
765
192
648
63
536
264
304
919
788
542
407
300
655
677
694
28
474
841
350
785
377
611
714
691
956
361
957
356
890
981
145
623
669
432
400
268
257
738
986
66
20
232
164
494
610
619
160
947
513
323
360
454
688
641
980
990
588
281
600
340
283
985
369
166
337
571
793
970
527
336
705
756
477
975
350
558
